0
0.0029296875
0.00830078125
0.014892578125
0.02197265625
0.029052734375
0.038818359375
0.047119140625
0.0517578125
0.05712890625
0.0625
0.068359375
0.07568359375
0.080810546875
0.086181640625
0.09130859375
0.096435546875
0.103515625
0.110595703125
0.11767578125
0.124755859375
0.1318359375
0.138916015625
0.14599609375
0.153076171875
0.16015625
0.167236328125
0.172607421875
0.177978515625
0.185302734375
0.192626953125
0.199951171875
0.20751953125
0.2177734375
0.22607421875
0.234375
0.24267578125
0.2509765625
0.259033203125
0.2666015625
0.275390625
0.28369140625
0.288818359375
0.2958984375
0.30419921875
0.311767578125
0.321044921875
0.329345703125
0.338134765625
0.34619140625
0.35498046875
0.36328125
0.371337890625
0.37890625
0.38720703125
0.395263671875
0.4052734375
0.413330078125
0.42138671875
0.428955078125
0.434326171875
0.439453125
0.44482421875
0.4521484375
0.459228515625
0.464599609375
0.4716796875
0.479248046875
0.486328125
0.493896484375
0.5009765625
0.50634765625
0.513916015625
0.521484375
0.526611328125
0.53173828125
0.538818359375
0.5439453125
0.5537109375
0.561279296875
0.56884765625
0.576416015625
0.583984375
0.58984375
0.596923828125
0.602294921875
0.60986328125
0.616943359375
0.625732421875
0.6328125
0.639892578125
0.646484375
0.65234375
0.657470703125
0.663330078125
