0
0.00390625
0.011962890625
0.02197265625
0.03271484375
0.0439453125
0.05859375
0.072021484375
0.078857421875
0.087158203125
0.095458984375
0.10498046875
0.1162109375
0.1240234375
0.132080078125
0.139892578125
0.147216796875
0.158447265625
0.169677734375
0.180908203125
0.192138671875
0.203369140625
0.214599609375
0.225830078125
0.237060546875
0.248291015625
0.259521484375
0.267333984375
0.275146484375
0.286376953125
0.297607421875
0.308837890625
0.31982421875
0.3359375
0.348876953125
0.36181640625
0.375
0.38818359375
0.400390625
0.411865234375
0.42578125
0.439208984375
0.447021484375
0.4580078125
0.47119140625
0.482666015625
0.4970703125
0.510498046875
0.5244140625
0.53662109375
0.550537109375
0.5634765625
0.57568359375
0.58740234375
0.600830078125
0.613525390625
0.629150390625
0.640625
0.65234375
0.664306640625
0.672607421875
0.679931640625
0.688232421875
0.699462890625
0.709716796875
0.7177734375
0.72900390625
0.74072265625
0.751953125
0.763671875
0.77490234375
0.782958984375
0.794677734375
0.80615234375
0.8134765625
0.82080078125
0.831787109375
0.839111328125
0.85400390625
0.865478515625
0.876953125
0.888671875
0.900390625
0.909912109375
0.920654296875
0.928955078125
0.9404296875
0.951171875
0.96533203125
0.975830078125
0.986572265625
0.9970703125
1.005859375
1.01318359375
1.02197265625
